47505
60552
94435
44066
72795
47942
67386
17328
86808
80395
84338
85855
80552
7045
45293
111
61916
52960
54323
76623
42191
23116
76451
17053
33826
41921
43479
57426
22167
49563
87183
39546
43549
37478
36975
9198
74873
94411
30971
36494
15679
51807
54341
22539
22732
62693
36860
3577
39250
21754
12807
88891
46179
35942
70637
71910
51294
84768
97334
35379
23390
67321
52877
30874
73482
19101
93979
50568
82675
95902
3041
24874
77232
64289
68244
73416
55405
8596
3730
8797
77681
62925
95037
42676
42381
3278
4264
71932
81919
89748
71889
29026
31523
31590
7706
65122
41861
59051
72078
97182
29770
24962
10482
90902
87150
26437
19284
70263
97099
32355
88742
41409
38501
25931
90430
93674
95522
23245
50585
93806
